GA:
FValues:
[57.952078745774735, 58.52588815184346, 57.182185301087195, 56.344800546731705, 60.054606647148994, 59.67754418915183, 56.34577159923714, 58.86621268803627, 57.91741082061114, 56.976224091672634]

average = 57.98427227812951
standard deviation = 1.302228192209032

Execution times:
[133.04404830932617, 112.66794610023499, 146.44300508499146, 131.1379964351654, 134.98904371261597, 121.43499851226807, 130.62406015396118, 133.80398869514465, 140.79204893112183, 130.03195810317993]
average = 131.49690940380097



SA:
FValues:
[72.92, 73.12, 70.92, 75.22, 75.68, 70.88, 76.14, 75.44, 71.18, 72.96000000000001]

average: 73.446
standard deviation: 2.0572484320351565

Execution times:
[15.501046180725098, 15.15097188949585, 19.948038339614868, 20.798675537109375, 20.29015612602234, 18.207040786743164, 16.72600269317627, 15.598953008651733, 16.482006311416626, 19.002045154571533]

average: 17.770493602752687




