GA:
FValues:
[57.952078745774735, 58.52588815184346, 57.182185301087195, 56.344800546731705, 60.054606647148994, 59.67754418915183, 56.34577159923714, 58.86621268803627, 57.91741082061114, 56.976224091672634]

average = 57.98427227812951
standard deviation = 1.302228192209032

Execution times:
[133.04404830932617, 112.66794610023499, 146.44300508499146, 131.1379964351654, 134.98904371261597, 121.43499851226807, 130.62406015396118, 133.80398869514465, 140.79204893112183, 130.03195810317993]
average = 131.49690940380097



SA:
FValues:
[72.92, 73.12, 70.92, 75.22, 75.68, 70.88, 76.14, 75.44, 71.18, 72.96000000000001]

average: 73.446
standard deviation: 2.0572484320351565

Execution times:
[15.501046180725098, 15.15097188949585, 19.948038339614868, 20.798675537109375, 20.29015612602234, 18.207040786743164, 16.72600269317627, 15.598953008651733, 16.482006311416626, 19.002045154571533]

average: 17.770493602752687

PSO:
FValues:
[73.6254410170384, 77.31261583428478, 74.26117928817835, 73.76880315882327, 71.75890913601383, 73.83038911620332, 77.24628815850987, 73.95362466759117, 74.55283115054192, 73.26757586366918]

average = 74.3578
standard deviation = 1.7123


Execution times:
[165.0881586074829, 171.76741242408752, 193.01674103736877, 224.51286625862122, 243.3424847126007, 203.46920728683472, 205.75100564956665, 177.29057669639587, 177.20266485214233, 176.15171432495117]

average = 193.7593

PFA:
Without conditional update:
FValues:
[67.91374548730533, 62.58198067872087, 65.34899287311826, 69.26572493235105, 63.69900047124915, 66.80074109389088, 63.11048809055428, 64.1780474348781, 64.76069498092984, 64.23026690978725]
average = 65.1889682952785
std_deviation= 2.1636

Times:
[341.2442104816437, 343.2201268672943, 340.27707839012146, 295.9001190662384, 315.50840878486633, 336.4509196281433, 339.02404856681824, 339.01694440841675, 328.6413822174072, 331.36797618865967]
average = 331.06512145996095


FValues:
[66.13566544604876, 59.14542105457669, 58.50236794366583, 60.90470104427221, 60.21715302871348, 60.86472693871187, 59.65533969959358, 60.67659556538941, 63.24090065016696, 61.850409312507225]
average = 61.119328068364595
std_deviation = 2.2163

Times:
[385.60807728767395, 540.7755553722382, 597.6417152881622, 453.25994658470154, 464.5479996204376, 490.6245627403259, 414.86162281036377, 423.747926235199, 421.7989993095398, 458.05200123786926]
average = 465.0918406486511








